{
 "cells": [
  {
   "cell_type": "code",
   "execution_count": 1,
   "metadata": {},
   "outputs": [],
   "source": [
    "# Импортирование неодходимых библиотек \n",
    "import numpy as np\n",
    "from scipy.linalg import logm, expm, sqrtm\n",
    "from numpy import linalg as LA"
   ]
  },
  {
   "cell_type": "code",
   "execution_count": 2,
   "metadata": {},
   "outputs": [],
   "source": [
    "# Импортирование библиотек для иницализации основных параметров системы\n",
    "from calc_tools import Fazy, System, Garmoniki, Rachety"
   ]
  },
  {
   "cell_type": "code",
   "execution_count": 3,
   "metadata": {},
   "outputs": [],
   "source": [
    "# Задание значении характеристик материала для фаз и троса\n",
    "\n",
    "Faza_A = Fazy(\"Фаза А\", 35.336, 1.0, 240.0, 0.0, 19.0)\n",
    "Faza_B = Fazy(\"Фаза В\", 35.336, 1.0, 240.0, 6.3, 19.0)\n",
    "Faza_C = Fazy(\"Фаза С\", 35.336, 1.0, 240.0, 4.2, 25.0)\n",
    "Tross = Fazy(\"Тросс\", 17.336, 8.0, 240.0, 2.1, 28.0)"
   ]
  },
  {
   "cell_type": "code",
   "execution_count": 4,
   "metadata": {},
   "outputs": [],
   "source": [
    "# В данном случае у нас будет 50 гармоник от [1 до 50]\n",
    "garmoniki = Garmoniki(50)"
   ]
  },
  {
   "cell_type": "code",
   "execution_count": 5,
   "metadata": {},
   "outputs": [],
   "source": [
    "# Создание объекта для проведения расчетов\n",
    "rashet = Rachety()"
   ]
  },
  {
   "cell_type": "code",
   "execution_count": 6,
   "metadata": {},
   "outputs": [],
   "source": [
    "# Вычисление погонных активных сопротивлении для фаз и троса.\n",
    "# Получаем матрицу с размерностью [4 на 50]\n",
    "pogon_aktiv_soprotiv_faz = rashet.pogon_aktiv_soprotiv(Fazy, garmoniki)"
   ]
  },
  {
   "cell_type": "code",
   "execution_count": 7,
   "metadata": {},
   "outputs": [
    {
     "data": {
      "text/plain": [
       "array([[0.14432738, 0.15984166, 0.17285428, 0.18446906, 0.19514405,\n",
       "        0.2051253 , 0.21456429, 0.22356262, 0.23219262, 0.15657597,\n",
       "        0.16277943, 0.16870677, 0.17439186, 0.17986218, 0.18514039,\n",
       "        0.19024539, 0.19519321, 0.19999751, 0.20467012, 0.2092213 ,\n",
       "        0.21366005, 0.21799432, 0.22223115, 0.22637683, 0.23043701,\n",
       "        0.23441677, 0.2383207 , 0.24215297, 0.24591741, 0.24961748,\n",
       "        0.25325638, 0.25683705, 0.26036219, 0.26383432, 0.26725574,\n",
       "        0.27062863, 0.27395499, 0.2772367 , 0.2804755 , 0.28367304,\n",
       "        0.28683085, 0.28995038, 0.29303299, 0.29607996, 0.2990925 ,\n",
       "        0.30207174, 0.30501878, 0.30793462, 0.31082025, 0.31367658],\n",
       "       [0.14432738, 0.15984166, 0.17285428, 0.18446906, 0.19514405,\n",
       "        0.2051253 , 0.21456429, 0.22356262, 0.23219262, 0.15657597,\n",
       "        0.16277943, 0.16870677, 0.17439186, 0.17986218, 0.18514039,\n",
       "        0.19024539, 0.19519321, 0.19999751, 0.20467012, 0.2092213 ,\n",
       "        0.21366005, 0.21799432, 0.22223115, 0.22637683, 0.23043701,\n",
       "        0.23441677, 0.2383207 , 0.24215297, 0.24591741, 0.24961748,\n",
       "        0.25325638, 0.25683705, 0.26036219, 0.26383432, 0.26725574,\n",
       "        0.27062863, 0.27395499, 0.2772367 , 0.2804755 , 0.28367304,\n",
       "        0.28683085, 0.28995038, 0.29303299, 0.29607996, 0.2990925 ,\n",
       "        0.30207174, 0.30501878, 0.30793462, 0.31082025, 0.31367658],\n",
       "       [0.14432738, 0.15984166, 0.17285428, 0.18446906, 0.19514405,\n",
       "        0.2051253 , 0.21456429, 0.22356262, 0.23219262, 0.15657597,\n",
       "        0.16277943, 0.16870677, 0.17439186, 0.17986218, 0.18514039,\n",
       "        0.19024539, 0.19519321, 0.19999751, 0.20467012, 0.2092213 ,\n",
       "        0.21366005, 0.21799432, 0.22223115, 0.22637683, 0.23043701,\n",
       "        0.23441677, 0.2383207 , 0.24215297, 0.24591741, 0.24961748,\n",
       "        0.25325638, 0.25683705, 0.26036219, 0.26383432, 0.26725574,\n",
       "        0.27062863, 0.27395499, 0.2772367 , 0.2804755 , 0.28367304,\n",
       "        0.28683085, 0.28995038, 0.29303299, 0.29607996, 0.2990925 ,\n",
       "        0.30207174, 0.30501878, 0.30793462, 0.31082025, 0.31367658],\n",
       "       [0.37429884, 0.45298192, 0.34119632, 0.3846841 , 0.4229976 ,\n",
       "        0.45763565, 0.48948863, 0.51913666, 0.54698269, 0.57332013,\n",
       "        0.59837045, 0.62230573, 0.64526281, 0.66735264, 0.68866666,\n",
       "        0.70928129, 0.72926116, 0.74866153, 0.76753008, 0.78590829,\n",
       "        0.8038325 , 0.82133479, 0.83844363, 0.85518439, 0.87157988,\n",
       "        0.88765061, 0.90341514, 0.91889035, 0.93409159, 0.94903292,\n",
       "        0.96372724, 0.9781864 , 0.99242135, 1.00644221, 1.02025834,\n",
       "        1.03387848, 1.04731072, 1.06056264, 1.07364131, 1.08655335,\n",
       "        1.09930497, 1.11190202, 1.12434997, 1.13665399, 1.14881898,\n",
       "        1.16084953, 1.17275002, 1.18452456, 1.19617707, 1.20771128]])"
      ]
     },
     "execution_count": 7,
     "metadata": {},
     "output_type": "execute_result"
    }
   ],
   "source": [
    "# Смотрим...\n",
    "pogon_aktiv_soprotiv_faz"
   ]
  },
  {
   "cell_type": "code",
   "execution_count": 8,
   "metadata": {},
   "outputs": [],
   "source": [
    "# Вычисление погонных индуктивных сопротивлении для фаз и троса.\n",
    "# Получаем матрицу с размерностью [4 х 4 х 50]\n",
    "inductiv_soprotiv_faz = rashet.inductiv_soprotiv(Fazy, garmoniki)"
   ]
  },
  {
   "cell_type": "code",
   "execution_count": 9,
   "metadata": {},
   "outputs": [
    {
     "data": {
      "text/plain": [
       "array([[[1.09556478, 0.68118235, 0.6716988 , 0.65705235],\n",
       "        [0.68118235, 1.09556478, 0.68061629, 0.65251788],\n",
       "        [0.6716988 , 0.68061629, 1.09556478, 0.71534815],\n",
       "        [0.65705235, 0.65251788, 0.71534815, 1.09556478]],\n",
       "\n",
       "       [[1.13921413, 0.7248317 , 0.71534815, 0.7007017 ],\n",
       "        [0.7248317 , 1.13921413, 0.72426564, 0.69616723],\n",
       "        [0.71534815, 0.72426564, 1.13921413, 0.75899749],\n",
       "        [0.7007017 , 0.69616723, 0.75899749, 1.13921413]],\n",
       "\n",
       "       [[1.16474736, 0.75036493, 0.74088138, 0.72623493],\n",
       "        [0.75036493, 1.16474736, 0.74979887, 0.72170047],\n",
       "        [0.74088138, 0.74979887, 1.16474736, 0.78453073],\n",
       "        [0.72623493, 0.72170047, 0.78453073, 1.16474736]],\n",
       "\n",
       "       [[1.18286348, 0.76848105, 0.75899749, 0.74435105],\n",
       "        [0.76848105, 1.18286348, 0.76791499, 0.73981658],\n",
       "        [0.75899749, 0.76791499, 1.18286348, 0.80264684],\n",
       "        [0.74435105, 0.73981658, 0.80264684, 1.18286348]],\n",
       "\n",
       "       [[1.19691543, 0.782533  , 0.77304945, 0.758403  ],\n",
       "        [0.782533  , 1.19691543, 0.78196694, 0.75386854],\n",
       "        [0.77304945, 0.78196694, 1.19691543, 0.8166988 ],\n",
       "        [0.758403  , 0.75386854, 0.8166988 , 1.19691543]],\n",
       "\n",
       "       [[1.20839671, 0.79401428, 0.78453073, 0.76988428],\n",
       "        [0.79401428, 1.20839671, 0.79344822, 0.76534982],\n",
       "        [0.78453073, 0.79344822, 1.20839671, 0.82818008],\n",
       "        [0.76988428, 0.76534982, 0.82818008, 1.20839671]],\n",
       "\n",
       "       [[1.218104  , 0.80372157, 0.79423801, 0.77959157],\n",
       "        [0.80372157, 1.218104  , 0.80315551, 0.7750571 ],\n",
       "        [0.79423801, 0.80315551, 1.218104  , 0.83788736],\n",
       "        [0.77959157, 0.7750571 , 0.83788736, 1.218104  ]],\n",
       "\n",
       "       [[1.22651283, 0.8121304 , 0.80264684, 0.7880004 ],\n",
       "        [0.8121304 , 1.22651283, 0.81156434, 0.78346593],\n",
       "        [0.80264684, 0.81156434, 1.22651283, 0.84629619],\n",
       "        [0.7880004 , 0.78346593, 0.84629619, 1.22651283]],\n",
       "\n",
       "       [[1.23392995, 0.81954752, 0.81006396, 0.79541751],\n",
       "        [0.81954752, 1.23392995, 0.81898145, 0.79088305],\n",
       "        [0.81006396, 0.81898145, 1.23392995, 0.85371331],\n",
       "        [0.79541751, 0.79088305, 0.85371331, 1.23392995]],\n",
       "\n",
       "       [[1.24056478, 0.82618235, 0.8166988 , 0.80205235],\n",
       "        [0.82618235, 1.24056478, 0.82561629, 0.79751788],\n",
       "        [0.8166988 , 0.82561629, 1.24056478, 0.86034815],\n",
       "        [0.80205235, 0.79751788, 0.86034815, 1.24056478]],\n",
       "\n",
       "       [[1.24656672, 0.83218429, 0.82270074, 0.80805429],\n",
       "        [0.83218429, 1.24656672, 0.83161823, 0.80351982],\n",
       "        [0.82270074, 0.83161823, 1.24656672, 0.86635008],\n",
       "        [0.80805429, 0.80351982, 0.86635008, 1.24656672]],\n",
       "\n",
       "       [[1.25204606, 0.83766363, 0.82818008, 0.81353363],\n",
       "        [0.83766363, 1.25204606, 0.83709757, 0.80899917],\n",
       "        [0.82818008, 0.83709757, 1.25204606, 0.87182943],\n",
       "        [0.81353363, 0.80899917, 0.87182943, 1.25204606]],\n",
       "\n",
       "       [[1.25708657, 0.84270414, 0.83322058, 0.81857414],\n",
       "        [0.84270414, 1.25708657, 0.84213808, 0.81403967],\n",
       "        [0.83322058, 0.84213808, 1.25708657, 0.87686993],\n",
       "        [0.81857414, 0.81403967, 0.87686993, 1.25708657]],\n",
       "\n",
       "       [[1.26175335, 0.84737092, 0.83788736, 0.82324091],\n",
       "        [0.84737092, 1.26175335, 0.84680486, 0.81870645],\n",
       "        [0.83788736, 0.84680486, 1.26175335, 0.88153671],\n",
       "        [0.82324091, 0.81870645, 0.88153671, 1.26175335]],\n",
       "\n",
       "       [[1.26609801, 0.85171558, 0.84223203, 0.82758558],\n",
       "        [0.85171558, 1.26609801, 0.85114952, 0.82305112],\n",
       "        [0.84223203, 0.85114952, 1.26609801, 0.88588138],\n",
       "        [0.82758558, 0.82305112, 0.88588138, 1.26609801]],\n",
       "\n",
       "       [[1.27016218, 0.85577975, 0.84629619, 0.83164975],\n",
       "        [0.85577975, 1.27016218, 0.85521369, 0.82711528],\n",
       "        [0.84629619, 0.85521369, 1.27016218, 0.88994554],\n",
       "        [0.83164975, 0.82711528, 0.88994554, 1.27016218]],\n",
       "\n",
       "       [[1.27397988, 0.85959745, 0.85011389, 0.83546744],\n",
       "        [0.85959745, 1.27397988, 0.85903138, 0.83093298],\n",
       "        [0.85011389, 0.85903138, 1.27397988, 0.89376324],\n",
       "        [0.83546744, 0.83093298, 0.89376324, 1.27397988]],\n",
       "\n",
       "       [[1.2775793 , 0.86319687, 0.85371331, 0.83906686],\n",
       "        [0.86319687, 1.2775793 , 0.8626308 , 0.8345324 ],\n",
       "        [0.85371331, 0.8626308 , 1.2775793 , 0.89736266],\n",
       "        [0.83906686, 0.8345324 , 0.89736266, 1.2775793 ]],\n",
       "\n",
       "       [[1.28098405, 0.86660162, 0.85711807, 0.84247162],\n",
       "        [0.86660162, 1.28098405, 0.86603556, 0.83793716],\n",
       "        [0.85711807, 0.86603556, 1.28098405, 0.90076742],\n",
       "        [0.84247162, 0.83793716, 0.90076742, 1.28098405]],\n",
       "\n",
       "       [[1.28421413, 0.8698317 , 0.86034815, 0.8457017 ],\n",
       "        [0.8698317 , 1.28421413, 0.86926564, 0.84116723],\n",
       "        [0.86034815, 0.86926564, 1.28421413, 0.90399749],\n",
       "        [0.8457017 , 0.84116723, 0.90399749, 1.28421413]],\n",
       "\n",
       "       [[1.28728658, 0.87290415, 0.86342059, 0.84877415],\n",
       "        [0.87290415, 1.28728658, 0.87233809, 0.84423968],\n",
       "        [0.86342059, 0.87233809, 1.28728658, 0.90706994],\n",
       "        [0.84877415, 0.84423968, 0.90706994, 1.28728658]],\n",
       "\n",
       "       [[1.29021607, 0.87583364, 0.86635008, 0.85170364],\n",
       "        [0.87583364, 1.29021607, 0.87526758, 0.84716917],\n",
       "        [0.86635008, 0.87526758, 1.29021607, 0.90999943],\n",
       "        [0.85170364, 0.84716917, 0.90999943, 1.29021607]],\n",
       "\n",
       "       [[1.29301532, 0.87863289, 0.86914933, 0.85450289],\n",
       "        [0.87863289, 1.29301532, 0.87806683, 0.84996842],\n",
       "        [0.86914933, 0.87806683, 1.29301532, 0.91279868],\n",
       "        [0.85450289, 0.84996842, 0.91279868, 1.29301532]],\n",
       "\n",
       "       [[1.29569541, 0.88131298, 0.87182943, 0.85718298],\n",
       "        [0.88131298, 1.29569541, 0.88074692, 0.85264851],\n",
       "        [0.87182943, 0.88074692, 1.29569541, 0.91547878],\n",
       "        [0.85718298, 0.85264851, 0.91547878, 1.29569541]],\n",
       "\n",
       "       [[1.29826608, 0.88388365, 0.8744001 , 0.85975365],\n",
       "        [0.88388365, 1.29826608, 0.88331759, 0.85521919],\n",
       "        [0.8744001 , 0.88331759, 1.29826608, 0.91804945],\n",
       "        [0.85975365, 0.85521919, 0.91804945, 1.29826608]],\n",
       "\n",
       "       [[1.30073592, 0.88635349, 0.87686993, 0.86222348],\n",
       "        [0.88635349, 1.30073592, 0.88578743, 0.85768902],\n",
       "        [0.87686993, 0.88578743, 1.30073592, 0.92051928],\n",
       "        [0.86222348, 0.85768902, 0.92051928, 1.30073592]],\n",
       "\n",
       "       [[1.30311253, 0.8887301 , 0.87924654, 0.8646001 ],\n",
       "        [0.8887301 , 1.30311253, 0.88816404, 0.86006563],\n",
       "        [0.87924654, 0.88816404, 1.30311253, 0.92289589],\n",
       "        [0.8646001 , 0.86006563, 0.92289589, 1.30311253]],\n",
       "\n",
       "       [[1.3054027 , 0.89102027, 0.88153671, 0.86689026],\n",
       "        [0.89102027, 1.3054027 , 0.8904542 , 0.8623558 ],\n",
       "        [0.88153671, 0.8904542 , 1.3054027 , 0.92518606],\n",
       "        [0.86689026, 0.8623558 , 0.92518606, 1.3054027 ]],\n",
       "\n",
       "       [[1.30761249, 0.89323006, 0.88374651, 0.86910006],\n",
       "        [0.89323006, 1.30761249, 0.892664  , 0.86456559],\n",
       "        [0.88374651, 0.892664  , 1.30761249, 0.92739585],\n",
       "        [0.86910006, 0.86456559, 0.92739585, 1.30761249]],\n",
       "\n",
       "       [[1.30974736, 0.89536493, 0.88588138, 0.87123493],\n",
       "        [0.89536493, 1.30974736, 0.89479887, 0.86670047],\n",
       "        [0.88588138, 0.89479887, 1.30974736, 0.92953073],\n",
       "        [0.87123493, 0.86670047, 0.92953073, 1.30974736]],\n",
       "\n",
       "       [[1.31181223, 0.8974298 , 0.88794624, 0.87329979],\n",
       "        [0.8974298 , 1.31181223, 0.89686374, 0.86876533],\n",
       "        [0.88794624, 0.89686374, 1.31181223, 0.93159559],\n",
       "        [0.87329979, 0.86876533, 0.93159559, 1.31181223]],\n",
       "\n",
       "       [[1.31381153, 0.8994291 , 0.88994554, 0.8752991 ],\n",
       "        [0.8994291 , 1.31381153, 0.89886304, 0.87076463],\n",
       "        [0.88994554, 0.89886304, 1.31381153, 0.93359489],\n",
       "        [0.8752991 , 0.87076463, 0.93359489, 1.31381153]],\n",
       "\n",
       "       [[1.3157493 , 0.90136687, 0.89188332, 0.87723687],\n",
       "        [0.90136687, 1.3157493 , 0.90080081, 0.87270241],\n",
       "        [0.89188332, 0.90080081, 1.3157493 , 0.93553267],\n",
       "        [0.87723687, 0.87270241, 0.93553267, 1.3157493 ]],\n",
       "\n",
       "       [[1.31762923, 0.90324679, 0.89376324, 0.87911679],\n",
       "        [0.90324679, 1.31762923, 0.90268073, 0.87458233],\n",
       "        [0.89376324, 0.90268073, 1.31762923, 0.93741259],\n",
       "        [0.87911679, 0.87458233, 0.93741259, 1.31762923]],\n",
       "\n",
       "       [[1.31945465, 0.90507222, 0.89558866, 0.88094222],\n",
       "        [0.90507222, 1.31945465, 0.90450616, 0.87640775],\n",
       "        [0.89558866, 0.90450616, 1.31945465, 0.93923801],\n",
       "        [0.88094222, 0.87640775, 0.93923801, 1.31945465]],\n",
       "\n",
       "       [[1.32122864, 0.90684621, 0.89736266, 0.88271621],\n",
       "        [0.90684621, 1.32122864, 0.90628015, 0.87818175],\n",
       "        [0.89736266, 0.90628015, 1.32122864, 0.94101201],\n",
       "        [0.88271621, 0.87818175, 0.94101201, 1.32122864]],\n",
       "\n",
       "       [[1.32295403, 0.9085716 , 0.89908805, 0.8844416 ],\n",
       "        [0.9085716 , 1.32295403, 0.90800554, 0.87990713],\n",
       "        [0.89908805, 0.90800554, 1.32295403, 0.9427374 ],\n",
       "        [0.8844416 , 0.87990713, 0.9427374 , 1.32295403]],\n",
       "\n",
       "       [[1.3246334 , 0.91025097, 0.90076742, 0.88612097],\n",
       "        [0.91025097, 1.3246334 , 0.90968491, 0.88158651],\n",
       "        [0.90076742, 0.90968491, 1.3246334 , 0.94441677],\n",
       "        [0.88612097, 0.88158651, 0.94441677, 1.3246334 ]],\n",
       "\n",
       "       [[1.32626915, 0.91188672, 0.90240316, 0.88775672],\n",
       "        [0.91188672, 1.32626915, 0.91132066, 0.88322225],\n",
       "        [0.90240316, 0.91132066, 1.32626915, 0.94605251],\n",
       "        [0.88775672, 0.88322225, 0.94605251, 1.32626915]],\n",
       "\n",
       "       [[1.32786348, 0.91348105, 0.90399749, 0.88935105],\n",
       "        [0.91348105, 1.32786348, 0.91291499, 0.88481658],\n",
       "        [0.90399749, 0.91291499, 1.32786348, 0.94764684],\n",
       "        [0.88935105, 0.88481658, 0.94764684, 1.32786348]],\n",
       "\n",
       "       [[1.32941844, 0.91503601, 0.90555245, 0.89090601],\n",
       "        [0.91503601, 1.32941844, 0.91446995, 0.88637154],\n",
       "        [0.90555245, 0.91446995, 1.32941844, 0.9492018 ],\n",
       "        [0.89090601, 0.88637154, 0.9492018 , 1.32941844]],\n",
       "\n",
       "       [[1.33093593, 0.9165535 , 0.90706994, 0.8924235 ],\n",
       "        [0.9165535 , 1.33093593, 0.91598744, 0.88788903],\n",
       "        [0.90706994, 0.91598744, 1.33093593, 0.95071929],\n",
       "        [0.8924235 , 0.88788903, 0.95071929, 1.33093593]],\n",
       "\n",
       "       [[1.33241771, 0.91803528, 0.90855172, 0.89390528],\n",
       "        [0.91803528, 1.33241771, 0.91746922, 0.88937081],\n",
       "        [0.90855172, 0.91746922, 1.33241771, 0.95220107],\n",
       "        [0.89390528, 0.88937081, 0.95220107, 1.33241771]],\n",
       "\n",
       "       [[1.33386542, 0.91948299, 0.90999943, 0.89535299],\n",
       "        [0.91948299, 1.33386542, 0.91891693, 0.89081852],\n",
       "        [0.90999943, 0.91891693, 1.33386542, 0.95364878],\n",
       "        [0.89535299, 0.89081852, 0.95364878, 1.33386542]],\n",
       "\n",
       "       [[1.3352806 , 0.92089817, 0.91141461, 0.89676816],\n",
       "        [0.92089817, 1.3352806 , 0.9203321 , 0.8922337 ],\n",
       "        [0.91141461, 0.9203321 , 1.3352806 , 0.95506396],\n",
       "        [0.89676816, 0.8922337 , 0.95506396, 1.3352806 ]],\n",
       "\n",
       "       [[1.33666467, 0.92228224, 0.91279868, 0.89815223],\n",
       "        [0.92228224, 1.33666467, 0.92171618, 0.89361777],\n",
       "        [0.91279868, 0.92171618, 1.33666467, 0.95644803],\n",
       "        [0.89815223, 0.89361777, 0.95644803, 1.33666467]],\n",
       "\n",
       "       [[1.33801897, 0.92363654, 0.91415299, 0.89950654],\n",
       "        [0.92363654, 1.33801897, 0.92307048, 0.89497207],\n",
       "        [0.91415299, 0.92307048, 1.33801897, 0.95780233],\n",
       "        [0.89950654, 0.89497207, 0.95780233, 1.33801897]],\n",
       "\n",
       "       [[1.33934476, 0.92496233, 0.91547878, 0.90083233],\n",
       "        [0.92496233, 1.33934476, 0.92439627, 0.89629786],\n",
       "        [0.91547878, 0.92439627, 1.33934476, 0.95912812],\n",
       "        [0.90083233, 0.89629786, 0.95912812, 1.33934476]],\n",
       "\n",
       "       [[1.34064321, 0.92626078, 0.91677723, 0.90213078],\n",
       "        [0.92626078, 1.34064321, 0.92569472, 0.89759632],\n",
       "        [0.91677723, 0.92569472, 1.34064321, 0.96042658],\n",
       "        [0.90213078, 0.89759632, 0.96042658, 1.34064321]],\n",
       "\n",
       "       [[1.34191543, 0.927533  , 0.91804945, 0.903403  ],\n",
       "        [0.927533  , 1.34191543, 0.92696694, 0.89886854],\n",
       "        [0.91804945, 0.92696694, 1.34191543, 0.9616988 ],\n",
       "        [0.903403  , 0.89886854, 0.9616988 , 1.34191543]]])"
      ]
     },
     "execution_count": 9,
     "metadata": {},
     "output_type": "execute_result"
    }
   ],
   "source": [
    "# Смотрим...\n",
    "inductiv_soprotiv_faz"
   ]
  },
  {
   "cell_type": "code",
   "execution_count": 10,
   "metadata": {},
   "outputs": [],
   "source": [
    "# Вычисление погонных ёмкостных проводимостей для фаз и троса.\n",
    "# Получаем матрицу с размерностью [4 х 4 х 50]\n",
    "emkostn_provodimost_faz = rashet.emkostnaya_provodimost(Fazy, garmoniki)"
   ]
  },
  {
   "cell_type": "code",
   "execution_count": 11,
   "metadata": {},
   "outputs": [
    {
     "data": {
      "text/plain": [
       "array([[[2.08572308e-06, 0.00000000e+00, 0.00000000e+00, 0.00000000e+00],\n",
       "        [0.00000000e+00, 2.08572308e-06, 0.00000000e+00, 0.00000000e+00],\n",
       "        [0.00000000e+00, 0.00000000e+00, 2.01956370e-06, 0.00000000e+00],\n",
       "        [0.00000000e+00, 0.00000000e+00, 0.00000000e+00, 1.99345183e-06]],\n",
       "\n",
       "       [[4.17144615e-06, 0.00000000e+00, 0.00000000e+00, 0.00000000e+00],\n",
       "        [0.00000000e+00, 4.17144615e-06, 0.00000000e+00, 0.00000000e+00],\n",
       "        [0.00000000e+00, 0.00000000e+00, 4.03912740e-06, 0.00000000e+00],\n",
       "        [0.00000000e+00, 0.00000000e+00, 0.00000000e+00, 3.98690366e-06]],\n",
       "\n",
       "       [[6.25716923e-06, 0.00000000e+00, 0.00000000e+00, 0.00000000e+00],\n",
       "        [0.00000000e+00, 6.25716923e-06, 0.00000000e+00, 0.00000000e+00],\n",
       "        [0.00000000e+00, 0.00000000e+00, 6.05869110e-06, 0.00000000e+00],\n",
       "        [0.00000000e+00, 0.00000000e+00, 0.00000000e+00, 5.98035550e-06]],\n",
       "\n",
       "       [[8.34289230e-06, 0.00000000e+00, 0.00000000e+00, 0.00000000e+00],\n",
       "        [0.00000000e+00, 8.34289230e-06, 0.00000000e+00, 0.00000000e+00],\n",
       "        [0.00000000e+00, 0.00000000e+00, 8.07825480e-06, 0.00000000e+00],\n",
       "        [0.00000000e+00, 0.00000000e+00, 0.00000000e+00, 7.97380733e-06]],\n",
       "\n",
       "       [[1.04286154e-05, 0.00000000e+00, 0.00000000e+00, 0.00000000e+00],\n",
       "        [0.00000000e+00, 1.04286154e-05, 0.00000000e+00, 0.00000000e+00],\n",
       "        [0.00000000e+00, 0.00000000e+00, 1.00978185e-05, 0.00000000e+00],\n",
       "        [0.00000000e+00, 0.00000000e+00, 0.00000000e+00, 9.96725916e-06]],\n",
       "\n",
       "       [[1.25143385e-05, 0.00000000e+00, 0.00000000e+00, 0.00000000e+00],\n",
       "        [0.00000000e+00, 1.25143385e-05, 0.00000000e+00, 0.00000000e+00],\n",
       "        [0.00000000e+00, 0.00000000e+00, 1.21173822e-05, 0.00000000e+00],\n",
       "        [0.00000000e+00, 0.00000000e+00, 0.00000000e+00, 1.19607110e-05]],\n",
       "\n",
       "       [[1.46000615e-05, 0.00000000e+00, 0.00000000e+00, 0.00000000e+00],\n",
       "        [0.00000000e+00, 1.46000615e-05, 0.00000000e+00, 0.00000000e+00],\n",
       "        [0.00000000e+00, 0.00000000e+00, 1.41369459e-05, 0.00000000e+00],\n",
       "        [0.00000000e+00, 0.00000000e+00, 0.00000000e+00, 1.39541628e-05]],\n",
       "\n",
       "       [[1.66857846e-05, 0.00000000e+00, 0.00000000e+00, 0.00000000e+00],\n",
       "        [0.00000000e+00, 1.66857846e-05, 0.00000000e+00, 0.00000000e+00],\n",
       "        [0.00000000e+00, 0.00000000e+00, 1.61565096e-05, 0.00000000e+00],\n",
       "        [0.00000000e+00, 0.00000000e+00, 0.00000000e+00, 1.59476147e-05]],\n",
       "\n",
       "       [[1.87715077e-05, 0.00000000e+00, 0.00000000e+00, 0.00000000e+00],\n",
       "        [0.00000000e+00, 1.87715077e-05, 0.00000000e+00, 0.00000000e+00],\n",
       "        [0.00000000e+00, 0.00000000e+00, 1.81760733e-05, 0.00000000e+00],\n",
       "        [0.00000000e+00, 0.00000000e+00, 0.00000000e+00, 1.79410665e-05]],\n",
       "\n",
       "       [[2.08572308e-05, 0.00000000e+00, 0.00000000e+00, 0.00000000e+00],\n",
       "        [0.00000000e+00, 2.08572308e-05, 0.00000000e+00, 0.00000000e+00],\n",
       "        [0.00000000e+00, 0.00000000e+00, 2.01956370e-05, 0.00000000e+00],\n",
       "        [0.00000000e+00, 0.00000000e+00, 0.00000000e+00, 1.99345183e-05]],\n",
       "\n",
       "       [[2.29429538e-05, 0.00000000e+00, 0.00000000e+00, 0.00000000e+00],\n",
       "        [0.00000000e+00, 2.29429538e-05, 0.00000000e+00, 0.00000000e+00],\n",
       "        [0.00000000e+00, 0.00000000e+00, 2.22152007e-05, 0.00000000e+00],\n",
       "        [0.00000000e+00, 0.00000000e+00, 0.00000000e+00, 2.19279701e-05]],\n",
       "\n",
       "       [[2.50286769e-05, 0.00000000e+00, 0.00000000e+00, 0.00000000e+00],\n",
       "        [0.00000000e+00, 2.50286769e-05, 0.00000000e+00, 0.00000000e+00],\n",
       "        [0.00000000e+00, 0.00000000e+00, 2.42347644e-05, 0.00000000e+00],\n",
       "        [0.00000000e+00, 0.00000000e+00, 0.00000000e+00, 2.39214220e-05]],\n",
       "\n",
       "       [[2.71144000e-05, 0.00000000e+00, 0.00000000e+00, 0.00000000e+00],\n",
       "        [0.00000000e+00, 2.71144000e-05, 0.00000000e+00, 0.00000000e+00],\n",
       "        [0.00000000e+00, 0.00000000e+00, 2.62543281e-05, 0.00000000e+00],\n",
       "        [0.00000000e+00, 0.00000000e+00, 0.00000000e+00, 2.59148738e-05]],\n",
       "\n",
       "       [[2.92001231e-05, 0.00000000e+00, 0.00000000e+00, 0.00000000e+00],\n",
       "        [0.00000000e+00, 2.92001231e-05, 0.00000000e+00, 0.00000000e+00],\n",
       "        [0.00000000e+00, 0.00000000e+00, 2.82738918e-05, 0.00000000e+00],\n",
       "        [0.00000000e+00, 0.00000000e+00, 0.00000000e+00, 2.79083256e-05]],\n",
       "\n",
       "       [[3.12858461e-05, 0.00000000e+00, 0.00000000e+00, 0.00000000e+00],\n",
       "        [0.00000000e+00, 3.12858461e-05, 0.00000000e+00, 0.00000000e+00],\n",
       "        [0.00000000e+00, 0.00000000e+00, 3.02934555e-05, 0.00000000e+00],\n",
       "        [0.00000000e+00, 0.00000000e+00, 0.00000000e+00, 2.99017775e-05]],\n",
       "\n",
       "       [[3.33715692e-05, 0.00000000e+00, 0.00000000e+00, 0.00000000e+00],\n",
       "        [0.00000000e+00, 3.33715692e-05, 0.00000000e+00, 0.00000000e+00],\n",
       "        [0.00000000e+00, 0.00000000e+00, 3.23130192e-05, 0.00000000e+00],\n",
       "        [0.00000000e+00, 0.00000000e+00, 0.00000000e+00, 3.18952293e-05]],\n",
       "\n",
       "       [[3.54572923e-05, 0.00000000e+00, 0.00000000e+00, 0.00000000e+00],\n",
       "        [0.00000000e+00, 3.54572923e-05, 0.00000000e+00, 0.00000000e+00],\n",
       "        [0.00000000e+00, 0.00000000e+00, 3.43325829e-05, 0.00000000e+00],\n",
       "        [0.00000000e+00, 0.00000000e+00, 0.00000000e+00, 3.38886811e-05]],\n",
       "\n",
       "       [[3.75430154e-05, 0.00000000e+00, 0.00000000e+00, 0.00000000e+00],\n",
       "        [0.00000000e+00, 3.75430154e-05, 0.00000000e+00, 0.00000000e+00],\n",
       "        [0.00000000e+00, 0.00000000e+00, 3.63521466e-05, 0.00000000e+00],\n",
       "        [0.00000000e+00, 0.00000000e+00, 0.00000000e+00, 3.58821330e-05]],\n",
       "\n",
       "       [[3.96287384e-05, 0.00000000e+00, 0.00000000e+00, 0.00000000e+00],\n",
       "        [0.00000000e+00, 3.96287384e-05, 0.00000000e+00, 0.00000000e+00],\n",
       "        [0.00000000e+00, 0.00000000e+00, 3.83717103e-05, 0.00000000e+00],\n",
       "        [0.00000000e+00, 0.00000000e+00, 0.00000000e+00, 3.78755848e-05]],\n",
       "\n",
       "       [[4.17144615e-05, 0.00000000e+00, 0.00000000e+00, 0.00000000e+00],\n",
       "        [0.00000000e+00, 4.17144615e-05, 0.00000000e+00, 0.00000000e+00],\n",
       "        [0.00000000e+00, 0.00000000e+00, 4.03912740e-05, 0.00000000e+00],\n",
       "        [0.00000000e+00, 0.00000000e+00, 0.00000000e+00, 3.98690366e-05]],\n",
       "\n",
       "       [[4.38001846e-05, 0.00000000e+00, 0.00000000e+00, 0.00000000e+00],\n",
       "        [0.00000000e+00, 4.38001846e-05, 0.00000000e+00, 0.00000000e+00],\n",
       "        [0.00000000e+00, 0.00000000e+00, 4.24108377e-05, 0.00000000e+00],\n",
       "        [0.00000000e+00, 0.00000000e+00, 0.00000000e+00, 4.18624885e-05]],\n",
       "\n",
       "       [[4.58859077e-05, 0.00000000e+00, 0.00000000e+00, 0.00000000e+00],\n",
       "        [0.00000000e+00, 4.58859077e-05, 0.00000000e+00, 0.00000000e+00],\n",
       "        [0.00000000e+00, 0.00000000e+00, 4.44304014e-05, 0.00000000e+00],\n",
       "        [0.00000000e+00, 0.00000000e+00, 0.00000000e+00, 4.38559403e-05]],\n",
       "\n",
       "       [[4.79716307e-05, 0.00000000e+00, 0.00000000e+00, 0.00000000e+00],\n",
       "        [0.00000000e+00, 4.79716307e-05, 0.00000000e+00, 0.00000000e+00],\n",
       "        [0.00000000e+00, 0.00000000e+00, 4.64499651e-05, 0.00000000e+00],\n",
       "        [0.00000000e+00, 0.00000000e+00, 0.00000000e+00, 4.58493921e-05]],\n",
       "\n",
       "       [[5.00573538e-05, 0.00000000e+00, 0.00000000e+00, 0.00000000e+00],\n",
       "        [0.00000000e+00, 5.00573538e-05, 0.00000000e+00, 0.00000000e+00],\n",
       "        [0.00000000e+00, 0.00000000e+00, 4.84695288e-05, 0.00000000e+00],\n",
       "        [0.00000000e+00, 0.00000000e+00, 0.00000000e+00, 4.78428440e-05]],\n",
       "\n",
       "       [[5.21430769e-05, 0.00000000e+00, 0.00000000e+00, 0.00000000e+00],\n",
       "        [0.00000000e+00, 5.21430769e-05, 0.00000000e+00, 0.00000000e+00],\n",
       "        [0.00000000e+00, 0.00000000e+00, 5.04890925e-05, 0.00000000e+00],\n",
       "        [0.00000000e+00, 0.00000000e+00, 0.00000000e+00, 4.98362958e-05]],\n",
       "\n",
       "       [[5.42288000e-05, 0.00000000e+00, 0.00000000e+00, 0.00000000e+00],\n",
       "        [0.00000000e+00, 5.42288000e-05, 0.00000000e+00, 0.00000000e+00],\n",
       "        [0.00000000e+00, 0.00000000e+00, 5.25086562e-05, 0.00000000e+00],\n",
       "        [0.00000000e+00, 0.00000000e+00, 0.00000000e+00, 5.18297476e-05]],\n",
       "\n",
       "       [[5.63145230e-05, 0.00000000e+00, 0.00000000e+00, 0.00000000e+00],\n",
       "        [0.00000000e+00, 5.63145230e-05, 0.00000000e+00, 0.00000000e+00],\n",
       "        [0.00000000e+00, 0.00000000e+00, 5.45282199e-05, 0.00000000e+00],\n",
       "        [0.00000000e+00, 0.00000000e+00, 0.00000000e+00, 5.38231995e-05]],\n",
       "\n",
       "       [[5.84002461e-05, 0.00000000e+00, 0.00000000e+00, 0.00000000e+00],\n",
       "        [0.00000000e+00, 5.84002461e-05, 0.00000000e+00, 0.00000000e+00],\n",
       "        [0.00000000e+00, 0.00000000e+00, 5.65477836e-05, 0.00000000e+00],\n",
       "        [0.00000000e+00, 0.00000000e+00, 0.00000000e+00, 5.58166513e-05]],\n",
       "\n",
       "       [[6.04859692e-05, 0.00000000e+00, 0.00000000e+00, 0.00000000e+00],\n",
       "        [0.00000000e+00, 6.04859692e-05, 0.00000000e+00, 0.00000000e+00],\n",
       "        [0.00000000e+00, 0.00000000e+00, 5.85673473e-05, 0.00000000e+00],\n",
       "        [0.00000000e+00, 0.00000000e+00, 0.00000000e+00, 5.78101031e-05]],\n",
       "\n",
       "       [[6.25716923e-05, 0.00000000e+00, 0.00000000e+00, 0.00000000e+00],\n",
       "        [0.00000000e+00, 6.25716923e-05, 0.00000000e+00, 0.00000000e+00],\n",
       "        [0.00000000e+00, 0.00000000e+00, 6.05869110e-05, 0.00000000e+00],\n",
       "        [0.00000000e+00, 0.00000000e+00, 0.00000000e+00, 5.98035550e-05]],\n",
       "\n",
       "       [[6.46574153e-05, 0.00000000e+00, 0.00000000e+00, 0.00000000e+00],\n",
       "        [0.00000000e+00, 6.46574153e-05, 0.00000000e+00, 0.00000000e+00],\n",
       "        [0.00000000e+00, 0.00000000e+00, 6.26064747e-05, 0.00000000e+00],\n",
       "        [0.00000000e+00, 0.00000000e+00, 0.00000000e+00, 6.17970068e-05]],\n",
       "\n",
       "       [[6.67431384e-05, 0.00000000e+00, 0.00000000e+00, 0.00000000e+00],\n",
       "        [0.00000000e+00, 6.67431384e-05, 0.00000000e+00, 0.00000000e+00],\n",
       "        [0.00000000e+00, 0.00000000e+00, 6.46260384e-05, 0.00000000e+00],\n",
       "        [0.00000000e+00, 0.00000000e+00, 0.00000000e+00, 6.37904586e-05]],\n",
       "\n",
       "       [[6.88288615e-05, 0.00000000e+00, 0.00000000e+00, 0.00000000e+00],\n",
       "        [0.00000000e+00, 6.88288615e-05, 0.00000000e+00, 0.00000000e+00],\n",
       "        [0.00000000e+00, 0.00000000e+00, 6.66456021e-05, 0.00000000e+00],\n",
       "        [0.00000000e+00, 0.00000000e+00, 0.00000000e+00, 6.57839104e-05]],\n",
       "\n",
       "       [[7.09145846e-05, 0.00000000e+00, 0.00000000e+00, 0.00000000e+00],\n",
       "        [0.00000000e+00, 7.09145846e-05, 0.00000000e+00, 0.00000000e+00],\n",
       "        [0.00000000e+00, 0.00000000e+00, 6.86651658e-05, 0.00000000e+00],\n",
       "        [0.00000000e+00, 0.00000000e+00, 0.00000000e+00, 6.77773623e-05]],\n",
       "\n",
       "       [[7.30003076e-05, 0.00000000e+00, 0.00000000e+00, 0.00000000e+00],\n",
       "        [0.00000000e+00, 7.30003076e-05, 0.00000000e+00, 0.00000000e+00],\n",
       "        [0.00000000e+00, 0.00000000e+00, 7.06847295e-05, 0.00000000e+00],\n",
       "        [0.00000000e+00, 0.00000000e+00, 0.00000000e+00, 6.97708141e-05]],\n",
       "\n",
       "       [[7.50860307e-05, 0.00000000e+00, 0.00000000e+00, 0.00000000e+00],\n",
       "        [0.00000000e+00, 7.50860307e-05, 0.00000000e+00, 0.00000000e+00],\n",
       "        [0.00000000e+00, 0.00000000e+00, 7.27042932e-05, 0.00000000e+00],\n",
       "        [0.00000000e+00, 0.00000000e+00, 0.00000000e+00, 7.17642659e-05]],\n",
       "\n",
       "       [[7.71717538e-05, 0.00000000e+00, 0.00000000e+00, 0.00000000e+00],\n",
       "        [0.00000000e+00, 7.71717538e-05, 0.00000000e+00, 0.00000000e+00],\n",
       "        [0.00000000e+00, 0.00000000e+00, 7.47238569e-05, 0.00000000e+00],\n",
       "        [0.00000000e+00, 0.00000000e+00, 0.00000000e+00, 7.37577178e-05]],\n",
       "\n",
       "       [[7.92574769e-05, 0.00000000e+00, 0.00000000e+00, 0.00000000e+00],\n",
       "        [0.00000000e+00, 7.92574769e-05, 0.00000000e+00, 0.00000000e+00],\n",
       "        [0.00000000e+00, 0.00000000e+00, 7.67434206e-05, 0.00000000e+00],\n",
       "        [0.00000000e+00, 0.00000000e+00, 0.00000000e+00, 7.57511696e-05]],\n",
       "\n",
       "       [[8.13431999e-05, 0.00000000e+00, 0.00000000e+00, 0.00000000e+00],\n",
       "        [0.00000000e+00, 8.13431999e-05, 0.00000000e+00, 0.00000000e+00],\n",
       "        [0.00000000e+00, 0.00000000e+00, 7.87629843e-05, 0.00000000e+00],\n",
       "        [0.00000000e+00, 0.00000000e+00, 0.00000000e+00, 7.77446214e-05]],\n",
       "\n",
       "       [[8.34289230e-05, 0.00000000e+00, 0.00000000e+00, 0.00000000e+00],\n",
       "        [0.00000000e+00, 8.34289230e-05, 0.00000000e+00, 0.00000000e+00],\n",
       "        [0.00000000e+00, 0.00000000e+00, 8.07825480e-05, 0.00000000e+00],\n",
       "        [0.00000000e+00, 0.00000000e+00, 0.00000000e+00, 7.97380733e-05]],\n",
       "\n",
       "       [[8.55146461e-05, 0.00000000e+00, 0.00000000e+00, 0.00000000e+00],\n",
       "        [0.00000000e+00, 8.55146461e-05, 0.00000000e+00, 0.00000000e+00],\n",
       "        [0.00000000e+00, 0.00000000e+00, 8.28021117e-05, 0.00000000e+00],\n",
       "        [0.00000000e+00, 0.00000000e+00, 0.00000000e+00, 8.17315251e-05]],\n",
       "\n",
       "       [[8.76003692e-05, 0.00000000e+00, 0.00000000e+00, 0.00000000e+00],\n",
       "        [0.00000000e+00, 8.76003692e-05, 0.00000000e+00, 0.00000000e+00],\n",
       "        [0.00000000e+00, 0.00000000e+00, 8.48216754e-05, 0.00000000e+00],\n",
       "        [0.00000000e+00, 0.00000000e+00, 0.00000000e+00, 8.37249769e-05]],\n",
       "\n",
       "       [[8.96860922e-05, 0.00000000e+00, 0.00000000e+00, 0.00000000e+00],\n",
       "        [0.00000000e+00, 8.96860922e-05, 0.00000000e+00, 0.00000000e+00],\n",
       "        [0.00000000e+00, 0.00000000e+00, 8.68412391e-05, 0.00000000e+00],\n",
       "        [0.00000000e+00, 0.00000000e+00, 0.00000000e+00, 8.57184288e-05]],\n",
       "\n",
       "       [[9.17718153e-05, 0.00000000e+00, 0.00000000e+00, 0.00000000e+00],\n",
       "        [0.00000000e+00, 9.17718153e-05, 0.00000000e+00, 0.00000000e+00],\n",
       "        [0.00000000e+00, 0.00000000e+00, 8.88608028e-05, 0.00000000e+00],\n",
       "        [0.00000000e+00, 0.00000000e+00, 0.00000000e+00, 8.77118806e-05]],\n",
       "\n",
       "       [[9.38575384e-05, 0.00000000e+00, 0.00000000e+00, 0.00000000e+00],\n",
       "        [0.00000000e+00, 9.38575384e-05, 0.00000000e+00, 0.00000000e+00],\n",
       "        [0.00000000e+00, 0.00000000e+00, 9.08803665e-05, 0.00000000e+00],\n",
       "        [0.00000000e+00, 0.00000000e+00, 0.00000000e+00, 8.97053324e-05]],\n",
       "\n",
       "       [[9.59432615e-05, 0.00000000e+00, 0.00000000e+00, 0.00000000e+00],\n",
       "        [0.00000000e+00, 9.59432615e-05, 0.00000000e+00, 0.00000000e+00],\n",
       "        [0.00000000e+00, 0.00000000e+00, 9.28999302e-05, 0.00000000e+00],\n",
       "        [0.00000000e+00, 0.00000000e+00, 0.00000000e+00, 9.16987843e-05]],\n",
       "\n",
       "       [[9.80289845e-05, 0.00000000e+00, 0.00000000e+00, 0.00000000e+00],\n",
       "        [0.00000000e+00, 9.80289845e-05, 0.00000000e+00, 0.00000000e+00],\n",
       "        [0.00000000e+00, 0.00000000e+00, 9.49194939e-05, 0.00000000e+00],\n",
       "        [0.00000000e+00, 0.00000000e+00, 0.00000000e+00, 9.36922361e-05]],\n",
       "\n",
       "       [[1.00114708e-04, 0.00000000e+00, 0.00000000e+00, 0.00000000e+00],\n",
       "        [0.00000000e+00, 1.00114708e-04, 0.00000000e+00, 0.00000000e+00],\n",
       "        [0.00000000e+00, 0.00000000e+00, 9.69390576e-05, 0.00000000e+00],\n",
       "        [0.00000000e+00, 0.00000000e+00, 0.00000000e+00, 9.56856879e-05]],\n",
       "\n",
       "       [[1.02200431e-04, 0.00000000e+00, 0.00000000e+00, 0.00000000e+00],\n",
       "        [0.00000000e+00, 1.02200431e-04, 0.00000000e+00, 0.00000000e+00],\n",
       "        [0.00000000e+00, 0.00000000e+00, 9.89586213e-05, 0.00000000e+00],\n",
       "        [0.00000000e+00, 0.00000000e+00, 0.00000000e+00, 9.76791398e-05]],\n",
       "\n",
       "       [[1.04286154e-04, 0.00000000e+00, 0.00000000e+00, 0.00000000e+00],\n",
       "        [0.00000000e+00, 1.04286154e-04, 0.00000000e+00, 0.00000000e+00],\n",
       "        [0.00000000e+00, 0.00000000e+00, 1.00978185e-04, 0.00000000e+00],\n",
       "        [0.00000000e+00, 0.00000000e+00, 0.00000000e+00, 9.96725916e-05]]])"
      ]
     },
     "execution_count": 11,
     "metadata": {},
     "output_type": "execute_result"
    }
   ],
   "source": [
    "# Смотрим...\n",
    "emkostn_provodimost_faz"
   ]
  },
  {
   "cell_type": "code",
   "execution_count": 12,
   "metadata": {},
   "outputs": [],
   "source": [
    "# Матрица полных погонных прводимостей\n",
    "Y = rashet.polnaya_provodimost(emkostn_provodimost_faz)"
   ]
  },
  {
   "cell_type": "code",
   "execution_count": 13,
   "metadata": {},
   "outputs": [
    {
     "data": {
      "text/plain": [
       "array([[[0.+2.08572308e-06j, 0.+0.00000000e+00j, 0.+0.00000000e+00j,\n",
       "         0.+0.00000000e+00j],\n",
       "        [0.+0.00000000e+00j, 0.+2.08572308e-06j, 0.+0.00000000e+00j,\n",
       "         0.+0.00000000e+00j],\n",
       "        [0.+0.00000000e+00j, 0.+0.00000000e+00j, 0.+2.01956370e-06j,\n",
       "         0.+0.00000000e+00j],\n",
       "        [0.+0.00000000e+00j, 0.+0.00000000e+00j, 0.+0.00000000e+00j,\n",
       "         0.+1.99345183e-06j]],\n",
       "\n",
